  516729511
  944715845
 2228232044
   19777910
 3172138719
 3176121544
 3401023096
 2895296555
  465777073
 2759953743
  286955450
  945753176
 3388072162
 3866916211
  164904034
 4158017468
 2119637076
 4115300701
 1516833700
 1667548010
 1827640202
 1963309964
 2116315089
  506493402
 2507778329
 1702704619
 1053693832
  523688992
  625116487
  519241968
 1170708733
  797362819
 1944596522
 1007712296
 1888451056
  119070055
 3550789615
 3612147932
 1070941299
  140876564
 4286780730
 1214144518
 4166045114
 2337647821
 4208466735
 3358934977
 3461077804
 1077875768
  398921757
 4038230623
 1714316474
 3981994973
 3503657101
 2355426684
 3186637536
  915024326
  650838600
 3046109931
 2967056462
 4060795205
 3138838749
  141135308
  823434205
 3049174121
 3018053038
 1551388230
 1057098795
  449048958
  975773256
  237562904
   75523071
 3696042611
 3889870850
  102844903
 3978890824
 4198428831
 2266086634
   76534591
  338287835
 1647301876
 4238615811
  456738739
 1461778426
 2495375832
  193221693
 2639060703
 3136254386
 3216709920
 4072076475
 1617206203
 1792286032
 3983951409
 1584985769
  444133702
 3570851605
 2393469140
 2680522790
 2210881454
 1341989213
  173190596
 2057272560
 1075975246
 4196822388
 2411207080
 3844845358
   83157038
 3702884756
 2398357806
 3098854940
 3176608955
 2118506845
 3783642165
 2037801919
 3176806819
 3453061678
  976269664
 3336359818
 2505302449
 2386577488
 3269276882
 3939892737
 3486000677
  929708435
 2275151151
 3862393835
  686896286
 3594046173
  103296554
 3195123542
 1993572002
  642481362
 1353679868
 2396015001
 1545604421
 2104368570
  320882155
 1385883332
  369223255
 2986258724
 2867410601
 1395191713
 4030656287
  400583318
 2250222803
  441973804
 1398457364
 1278370547
 1457827933
 2737678047
 3057188920
